Num of INDIs
 40 
Num of GENEs (x indi)
 47 
Min Max Gene Value
 0 
 10000 
Mutation Prob
0.02
Mutation Rate
0.25
Selection Mode
 1 
ReprodXGeneration
 2 
Son       Mode
 1 
Cross      Mode
 1 
Mutate Best
-1 
INDEX BEST INDI
 14 
LookForDisasterEvery
 50 
---------------INDI 1
 3335 
 9610 
 2933 
 8082 
 2090 
 3359 
 5320 
 394 
 6787 
 1564 
 709 
 6548 
 0 
 7043 
 4258 
 32 
 283 
 919 
 0 
 6483 
 8753 
 4761 
 2080 
 8352 
 172 
 7823 
 9913 
 8323 
 979 
 1587 
 4820 
 1914 
 8970 
 3168 
 8150 
 3892 
 8978 
 3660 
 9165 
 8564 
 4219 
 9141 
 8854 
 5620 
 4772 
 5462 
 2564 
---------------INDI 2
 3335 
 9610 
 2933 
 7619 
 2090 
 3359 
 5320 
 394 
 6787 
 1564 
 709 
 6548 
 0 
 7927 
 4258 
 32 
 283 
 1189 
 374 
 6483 
 8753 
 4761 
 2080 
 8352 
 1146 
 7823 
 6054 
 8323 
 979 
 1587 
 4820 
 1914 
 8970 
 3168 
 8150 
 4675 
 8978 
 3660 
 9165 
 8564 
 4219 
 9510 
 9394 
 5620 
 4772 
 8062 
 2044 
---------------INDI 3
 3335 
 10000 
 2788 
 7619 
 2090 
 3359 
 5320 
 394 
 6787 
 1564 
 709 
 6548 
 0 
 7927 
 4258 
 32 
 283 
 919 
 0 
 6483 
 8753 
 4761 
 2080 
 8352 
 172 
 7823 
 9913 
 8323 
 979 
 1587 
 4820 
 3729 
 8798 
 3168 
 8150 
 4069 
 8978 
 3841 
 9165 
 8564 
 4219 
 9141 
 8854 
 5620 
 6797 
 8062 
 1754 
---------------INDI 4
 3335 
 9610 
 2933 
 8082 
 2090 
 3359 
 5320 
 394 
 6787 
 1564 
 709 
 6548 
 0 
 7927 
 4258 
 32 
 283 
 1189 
 374 
 6483 
 8753 
 4761 
 2080 
 8352 
 172 
 7823 
 9913 
 8323 
 979 
 1587 
 4820 
 1914 
 8970 
 3168 
 8150 
 3892 
 8978 
 3660 
 9165 
 8564 
 4219 
 9510 
 8854 
 5620 
 6693 
 8062 
 1754 
---------------INDI 5
 3335 
 9610 
 2788 
 8082 
 2090 
 3359 
 5320 
 394 
 6787 
 1564 
 709 
 6548 
 0 
 7927 
 4258 
 32 
 283 
 1189 
 0 
 6483 
 8753 
 4761 
 2080 
 8352 
 1146 
 7823 
 6054 
 8323 
 979 
 1587 
 4820 
 3729 
 8970 
 3168 
 8150 
 4675 
 8383 
 4149 
 9165 
 8564 
 4219 
 9141 
 8854 
 5620 
 4772 
 8062 
 1754 
---------------INDI 6
 3335 
 9610 
 2788 
 8082 
 2090 
 3359 
 5320 
 394 
 6787 
 1564 
 709 
 6548 
 0 
 7927 
 4258 
 32 
 283 
 919 
 374 
 6483 
 8753 
 4761 
 2080 
 8352 
 1146 
 7823 
 9913 
 8323 
 979 
 1587 
 4820 
 3729 
 8798 
 3168 
 8150 
 3892 
 8978 
 3841 
 9165 
 8564 
 4219 
 9141 
 8854 
 5620 
 6797 
 8062 
 1754 
---------------INDI 7
 3335 
 9610 
 2933 
 7619 
 2090 
 3359 
 5320 
 394 
 6787 
 1564 
 709 
 6548 
 0 
 7927 
 4258 
 32 
 283 
 919 
 0 
 6483 
 9780 
 4761 
 1062 
 8352 
 1146 
 7823 
 6054 
 8323 
 979 
 1587 
 4820 
 3729 
 8798 
 3168 
 9035 
 4675 
 8383 
 3660 
 9165 
 8564 
 4440 
 10000 
 8854 
 5620 
 6797 
 8062 
 1754 
---------------INDI 8
 3335 
 10000 
 2788 
 8082 
 2090 
 3359 
 5320 
 394 
 6787 
 1564 
 709 
 6548 
 0 
 7927 
 4258 
 32 
 283 
 919 
 0 
 6483 
 8753 
 4761 
 2080 
 8352 
 1146 
 7823 
 6054 
 8323 
 979 
 1587 
 4820 
 3729 
 8798 
 3168 
 8150 
 4675 
 8978 
 3841 
 9165 
 8564 
 4219 
 9141 
 8854 
 5620 
 6797 
 8062 
 1754 
---------------INDI 9
 3335 
 10000 
 2788 
 7619 
 2090 
 3359 
 5320 
 394 
 6787 
 1564 
 709 
 6548 
 0 
 7927 
 4258 
 32 
 283 
 1189 
 374 
 6483 
 8753 
 4761 
 2080 
 5968 
 736 
 7823 
 9913 
 8323 
 979 
 1587 
 4820 
 3729 
 8798 
 3168 
 8150 
 3892 
 8978 
 3841 
 9165 
 8564 
 4219 
 9141 
 8854 
 5620 
 6797 
 5462 
 2044 
---------------INDI 10
 3335 
 10000 
 2788 
 7619 
 2090 
 3359 
 5320 
 394 
 6787 
 1564 
 709 
 6548 
 0 
 7927 
 4258 
 32 
 283 
 919 
 0 
 6483 
 8753 
 4761 
 2080 
 8352 
 1146 
 7823 
 6054 
 8323 
 979 
 1587 
 4820 
 3729 
 8798 
 3168 
 8150 
 3892 
 8978 
 3841 
 9165 
 8564 
 4219 
 9141 
 8854 
 5620 
 6797 
 8062 
 1754 
---------------INDI 11
 3335 
 9610 
 3829 
 8082 
 2090 
 3359 
 5320 
 394 
 5867 
 1564 
 1576 
 6548 
 0 
 7774 
 4961 
 32 
 283 
 1189 
 374 
 6483 
 8753 
 4761 
 2080 
 7786 
 172 
 7823 
 9913 
 8323 
 979 
 1587 
 4820 
 1914 
 8798 
 3168 
 8150 
 3892 
 8978 
 3660 
 9960 
 8564 
 4219 
 9510 
 8854 
 5620 
 6368 
 5462 
 2044 
---------------INDI 12
 3335 
 9610 
 2788 
 7619 
 2090 
 3359 
 5320 
 394 
 6787 
 1564 
 709 
 6548 
 0 
 7927 
 4258 
 32 
 283 
 919 
 374 
 6483 
 8753 
 4761 
 2080 
 8352 
 172 
 7823 
 9913 
 8323 
 979 
 1587 
 4820 
 3729 
 8798 
 3168 
 8150 
 3892 
 8978 
 3841 
 9165 
 8564 
 4219 
 9510 
 8945 
 5620 
 6797 
 8062 
 1754 
---------------INDI 13
 3335 
 10000 
 2788 
 7619 
 2090 
 3359 
 5320 
 394 
 6787 
 1564 
 1425 
 6548 
 0 
 7927 
 4258 
 32 
 283 
 919 
 0 
 6483 
 8753 
 4761 
 2080 
 8352 
 172 
 7823 
 9913 
 8323 
 979 
 1587 
 4820 
 1914 
 8970 
 3168 
 8150 
 4675 
 8383 
 3841 
 9165 
 8564 
 4219 
 9141 
 8854 
 5620 
 6797 
 8062 
 1754 
---------------INDI 14
 3335 
 10000 
 2788 
 7619 
 2090 
 3359 
 5320 
 394 
 6787 
 1564 
 709 
 6548 
 0 
 7927 
 4258 
 32 
 283 
 919 
 0 
 6483 
 8753 
 4761 
 2080 
 8352 
 172 
 7823 
 9913 
 8323 
 979 
 1587 
 4820 
 3729 
 8798 
 3168 
 8150 
 4069 
 8978 
 3841 
 9165 
 8564 
 4219 
 9141 
 8854 
 5620 
 6797 
 8062 
 1754 
---------------INDI 15
 3335 
 9610 
 2788 
 7619 
 2090 
 3359 
 5320 
 394 
 6787 
 1564 
 709 
 6548 
 0 
 7927 
 4258 
 32 
 283 
 1189 
 374 
 6483 
 8753 
 4761 
 2080 
 8352 
 172 
 7823 
 9913 
 8108 
 979 
 739 
 4820 
 1914 
 8798 
 3168 
 8150 
 3892 
 8978 
 3660 
 9165 
 8564 
 4219 
 9510 
 8945 
 5620 
 6797 
 8062 
 1754 
---------------INDI 16
 3335 
 10000 
 2788 
 7619 
 2090 
 3359 
 5320 
 394 
 6787 
 1564 
 709 
 6548 
 0 
 7927 
 4258 
 32 
 283 
 1189 
 374 
 6483 
 8753 
 4761 
 2080 
 7786 
 172 
 7823 
 9913 
 8323 
 979 
 1587 
 4820 
 3729 
 8798 
 3168 
 8150 
 3892 
 8978 
 3841 
 9165 
 8564 
 4219 
 9141 
 8854 
 5620 
 6797 
 5462 
 2044 
---------------INDI 17
 3335 
 10000 
 2788 
 8082 
 2090 
 3359 
 5320 
 394 
 6787 
 1564 
 709 
 6548 
 0 
 7927 
 4258 
 32 
 283 
 1189 
 1512 
 6483 
 8753 
 4761 
 2080 
 8352 
 1146 
 7823 
 6054 
 8323 
 979 
 1587 
 4820 
 1914 
 8970 
 3168 
 8150 
 3892 
 8978 
 3841 
 9165 
 8564 
 4219 
 9141 
 8854 
 5620 
 6797 
 5462 
 2044 
---------------INDI 18
 3335 
 9610 
 2933 
 7619 
 2090 
 3359 
 5320 
 394 
 6787 
 1564 
 709 
 6548 
 0 
 7043 
 4258 
 32 
 283 
 919 
 0 
 6483 
 9780 
 4761 
 1062 
 8352 
 1146 
 7823 
 6054 
 8323 
 979 
 1587 
 4820 
 3729 
 8798 
 3168 
 9035 
 4675 
 8383 
 3660 
 9165 
 8564 
 4219 
 9510 
 8854 
 5620 
 6797 
 8062 
 1754 
---------------INDI 19
 3335 
 9610 
 2933 
 8082 
 2090 
 3359 
 5320 
 394 
 6787 
 1564 
 709 
 6548 
 0 
 7927 
 4258 
 32 
 283 
 919 
 0 
 5926 
 8753 
 4761 
 2080 
 8352 
 172 
 7823 
 9913 
 8323 
 979 
 1587 
 4820 
 1914 
 8970 
 3168 
 8150 
 3892 
 8978 
 3660 
 9165 
 8564 
 4219 
 9510 
 8854 
 5620 
 6693 
 8062 
 1754 
---------------INDI 20
 3335 
 10000 
 2788 
 7619 
 2090 
 3359 
 5320 
 394 
 6787 
 1564 
 709 
 6548 
 0 
 7927 
 4258 
 32 
 283 
 1189 
 374 
 6483 
 8753 
 4761 
 2080 
 8352 
 172 
 7823 
 9913 
 8323 
 979 
 1587 
 4820 
 3729 
 8798 
 3168 
 8150 
 3892 
 8978 
 3841 
 9165 
 8564 
 4219 
 9141 
 8854 
 5620 
 6797 
 5462 
 2044 
---------------INDI 21
 3335 
 9610 
 2788 
 8082 
 2090 
 3359 
 5320 
 394 
 6787 
 1564 
 709 
 6548 
 0 
 7043 
 4258 
 32 
 283 
 919 
 0 
 6483 
 8753 
 4761 
 2080 
 8352 
 1146 
 7823 
 6054 
 8323 
 979 
 1587 
 4820 
 3729 
 8798 
 3168 
 8150 
 4675 
 8383 
 3660 
 9165 
 8564 
 4219 
 9510 
 8854 
 5620 
 6797 
 8062 
 1754 
---------------INDI 22
 3335 
 10000 
 2788 
 7619 
 2090 
 3359 
 5320 
 394 
 6787 
 1564 
 709 
 6548 
 0 
 7927 
 4258 
 32 
 283 
 1189 
 374 
 6483 
 8753 
 4761 
 2080 
 7786 
 172 
 7823 
 9913 
 8323 
 979 
 1587 
 4820 
 3729 
 8798 
 3168 
 8150 
 3892 
 8978 
 3841 
 9165 
 8564 
 4219 
 9141 
 8854 
 5620 
 6797 
 5462 
 2044 
---------------INDI 23
 3335 
 9610 
 2788 
 7619 
 2090 
 3359 
 5320 
 394 
 6787 
 1564 
 709 
 6548 
 0 
 7927 
 4258 
 32 
 283 
 1189 
 374 
 6483 
 8753 
 4761 
 2080 
 8352 
 736 
 7823 
 9913 
 8323 
 979 
 1587 
 4820 
 1914 
 8798 
 3168 
 8150 
 3892 
 8978 
 3660 
 9165 
 8564 
 4219 
 9141 
 8854 
 5620 
 6797 
 5462 
 2044 
---------------INDI 24
 3335 
 9610 
 2788 
 8082 
 2090 
 3359 
 5320 
 394 
 6787 
 1564 
 709 
 6548 
 0 
 7043 
 4258 
 32 
 283 
 919 
 0 
 6483 
 8753 
 4761 
 2080 
 8352 
 1146 
 7823 
 6054 
 8323 
 979 
 1587 
 4820 
 1914 
 8970 
 3168 
 8150 
 4675 
 8383 
 3660 
 9165 
 8564 
 4219 
 9510 
 8854 
 5620 
 6797 
 8062 
 1754 
---------------INDI 25
 3335 
 9610 
 2933 
 7619 
 2090 
 3359 
 5320 
 394 
 6787 
 1564 
 709 
 6548 
 0 
 7927 
 4258 
 32 
 283 
 1189 
 374 
 6483 
 8753 
 4761 
 2080 
 8352 
 172 
 7823 
 9913 
 8323 
 979 
 1587 
 4820 
 1914 
 8970 
 3168 
 8150 
 4675 
 8383 
 3660 
 9165 
 8564 
 4219 
 9510 
 8854 
 5620 
 6797 
 8062 
 1754 
---------------INDI 26
 3335 
 9610 
 2788 
 8082 
 854 
 3359 
 5320 
 394 
 6787 
 1564 
 1425 
 6548 
 0 
 7927 
 4258 
 32 
 283 
 1189 
 374 
 6483 
 8753 
 4761 
 2080 
 8352 
 1146 
 7823 
 6054 
 8323 
 979 
 1587 
 4820 
 1914 
 8970 
 3168 
 8150 
 4675 
 8383 
 4149 
 9165 
 7510 
 4219 
 9141 
 8854 
 5620 
 6797 
 8062 
 2044 
---------------INDI 27
 3335 
 9610 
 2788 
 7619 
 2090 
 3359 
 5320 
 394 
 6787 
 1564 
 709 
 6548 
 0 
 7927 
 4258 
 32 
 283 
 919 
 374 
 6483 
 8753 
 4761 
 2080 
 8352 
 1146 
 7823 
 9913 
 8323 
 979 
 1587 
 4820 
 3729 
 8798 
 3168 
 8150 
 3892 
 8978 
 3841 
 9165 
 8564 
 4219 
 9141 
 8854 
 5620 
 6797 
 8062 
 1754 
---------------INDI 28
 3335 
 9610 
 2788 
 8082 
 2090 
 3359 
 5320 
 394 
 6787 
 1564 
 709 
 6548 
 0 
 7927 
 4258 
 32 
 283 
 1189 
 374 
 6483 
 8753 
 4761 
 2080 
 8352 
 1146 
 7823 
 6054 
 8323 
 979 
 1587 
 4820 
 3729 
 8970 
 3168 
 8150 
 4178 
 8631 
 3660 
 9165 
 8564 
 4440 
 10000 
 8854 
 5620 
 4772 
 5462 
 2044 
---------------INDI 29
 3335 
 10000 
 2788 
 7619 
 2090 
 3359 
 5320 
 394 
 6787 
 1564 
 709 
 6548 
 0 
 7927 
 4258 
 32 
 283 
 1189 
 374 
 6483 
 8753 
 4761 
 2080 
 7786 
 172 
 7823 
 9913 
 8323 
 979 
 1587 
 4820 
 3729 
 8798 
 3168 
 8150 
 3892 
 8978 
 3841 
 9165 
 8564 
 4219 
 9141 
 8854 
 5620 
 6797 
 5462 
 2044 
---------------INDI 30
 3335 
 9610 
 2788 
 8082 
 2090 
 3359 
 5320 
 394 
 6787 
 1564 
 709 
 6548 
 0 
 7927 
 4258 
 32 
 1258 
 1189 
 374 
 6483 
 8753 
 4761 
 2080 
 8352 
 1146 
 7823 
 6054 
 8323 
 979 
 1587 
 4820 
 3729 
 8512 
 3168 
 8150 
 4675 
 8383 
 3660 
 9165 
 8564 
 4440 
 10000 
 8854 
 5620 
 4772 
 5462 
 2044 
---------------INDI 31
 3335 
 9610 
 3829 
 8082 
 2090 
 3359 
 5320 
 394 
 5867 
 1564 
 1576 
 6548 
 0 
 7774 
 4961 
 32 
 283 
 1189 
 374 
 6483 
 8753 
 4761 
 2080 
 8352 
 172 
 7823 
 9913 
 8323 
 979 
 1587 
 4820 
 1914 
 8798 
 3168 
 8150 
 3892 
 8978 
 3660 
 9960 
 8564 
 4219 
 9510 
 8854 
 5620 
 6368 
 8062 
 1754 
---------------INDI 32
 3335 
 10000 
 2788 
 8082 
 2090 
 3359 
 5320 
 394 
 5867 
 1564 
 1576 
 6548 
 0 
 7774 
 4961 
 32 
 283 
 1189 
 1512 
 6483 
 8753 
 4761 
 2080 
 8352 
 172 
 7823 
 9913 
 8323 
 979 
 1587 
 4820 
 1914 
 8970 
 3168 
 8150 
 3892 
 8978 
 3841 
 9165 
 8564 
 4219 
 9141 
 8854 
 5620 
 6797 
 5462 
 2044 
---------------INDI 33
 3335 
 9610 
 2788 
 7619 
 2090 
 3359 
 5320 
 394 
 6787 
 1564 
 709 
 6548 
 0 
 7927 
 4258 
 32 
 283 
 1189 
 1512 
 6483 
 8753 
 4761 
 2080 
 8352 
 172 
 7823 
 9913 
 8323 
 979 
 1587 
 4820 
 3729 
 8798 
 3168 
 8150 
 3892 
 8978 
 3841 
 9165 
 8564 
 4219 
 9510 
 8945 
 5620 
 6797 
 8062 
 1754 
---------------INDI 34
 3335 
 9610 
 2788 
 8082 
 2090 
 3359 
 5320 
 394 
 6787 
 1564 
 709 
 6548 
 0 
 7927 
 4258 
 32 
 283 
 1189 
 374 
 6483 
 8753 
 4761 
 2080 
 8352 
 172 
 7823 
 6054 
 8323 
 979 
 1587 
 4820 
 3729 
 8512 
 3168 
 8150 
 4675 
 8383 
 3660 
 9165 
 8564 
 4440 
 10000 
 8854 
 5620 
 4772 
 5462 
 2044 
---------------INDI 35
 3335 
 9610 
 2933 
 8082 
 2090 
 3359 
 5320 
 394 
 6787 
 1564 
 709 
 6548 
 0 
 7043 
 4258 
 32 
 283 
 919 
 0 
 6483 
 8753 
 4761 
 2080 
 8352 
 172 
 7823 
 9913 
 8323 
 979 
 1587 
 4820 
 1914 
 8970 
 3168 
 8150 
 3892 
 8978 
 3660 
 9165 
 8564 
 4219 
 9510 
 8854 
 5620 
 6797 
 8062 
 1754 
---------------INDI 36
 3335 
 9610 
 2788 
 7619 
 870 
 3359 
 5320 
 394 
 6787 
 1564 
 709 
 6548 
 0 
 7927 
 4258 
 32 
 283 
 1189 
 374 
 6483 
 8753 
 4761 
 2080 
 8352 
 1146 
 7823 
 9913 
 8323 
 979 
 1587 
 4820 
 3729 
 8798 
 3168 
 8150 
 3892 
 8978 
 3841 
 9165 
 8564 
 4219 
 9510 
 8854 
 4862 
 6797 
 8062 
 1754 
---------------INDI 37
 3335 
 9610 
 2788 
 8082 
 2090 
 3359 
 5320 
 394 
 6787 
 1564 
 709 
 6548 
 0 
 7927 
 4258 
 32 
 283 
 919 
 374 
 6483 
 8753 
 4761 
 2080 
 8352 
 1146 
 7823 
 6054 
 8323 
 979 
 1587 
 4820 
 3729 
 8798 
 3168 
 8150 
 3892 
 8978 
 3396 
 9165 
 8564 
 4219 
 9141 
 8854 
 5620 
 6797 
 8062 
 1754 
---------------INDI 38
 3335 
 9610 
 2933 
 8082 
 2090 
 3359 
 5320 
 394 
 6787 
 1564 
 709 
 6548 
 0 
 7043 
 4258 
 32 
 283 
 919 
 0 
 6483 
 9780 
 4761 
 1062 
 8352 
 172 
 7823 
 6054 
 8323 
 979 
 1587 
 4820 
 1914 
 8970 
 3168 
 8150 
 3892 
 8978 
 3660 
 9165 
 8564 
 4219 
 9510 
 8854 
 5620 
 6797 
 8062 
 1754 
---------------INDI 39
 3335 
 9610 
 2933 
 7619 
 2090 
 3359 
 5320 
 394 
 6787 
 1564 
 709 
 6548 
 0 
 7927 
 4258 
 32 
 283 
 1189 
 374 
 6483 
 8753 
 4761 
 2080 
 8352 
 172 
 7823 
 9913 
 8323 
 979 
 1587 
 4820 
 1914 
 8970 
 3168 
 8150 
 3892 
 8978 
 3660 
 9165 
 8564 
 4219 
 9510 
 8854 
 5620 
 6797 
 8062 
 1754 
---------------INDI 40
 3335 
 9610 
 2788 
 7619 
 2090 
 3359 
 5320 
 394 
 6787 
 1564 
 709 
 6548 
 0 
 7927 
 4258 
 32 
 283 
 919 
 374 
 6483 
 8753 
 4761 
 2080 
 8352 
 1146 
 7823 
 9913 
 8323 
 979 
 1587 
 4820 
 3729 
 8798 
 3168 
 8150 
 3892 
 8978 
 3841 
 9165 
 8564 
 4219 
 9141 
 8854 
 5620 
 6797 
 8062 
 1754 
